2023-06-03 10:43:32.858046 11.0 -0.9999902065507035 0.004425697988050785 0.9999118601072672 -0.9999608263946371
2023-06-03 10:43:32.858046 11.1 -0.9945525882039892 0.10423602686569687 0.9513287387867827 -0.9782697014065075
2023-06-03 10:43:32.858046 11.2 -0.9791777291513174 0.2030048638187504 0.8177662545264458 -0.9175780505318613
2023-06-03 10:43:32.858046 11.3 -0.9540192499020895 0.2997453432770132 0.611155146262596 -0.820305458367491
2023-06-03 10:43:32.858046 11.4 -0.9193285256646764 0.39349086634788927 0.3499513689566688 -0.690329876201575
2023-06-03 10:43:32.858046 11.5 -0.8754521746884294 0.4833047587530043 0.057487478104931655 -0.5328330203334005
2023-06-03 10:43:32.858046 11.6 -0.8228285949687099 0.5682896297679721 -0.24011159795377449 -0.35409379339636227
2023-06-03 10:43:32.858046 11.7 -0.7619835839190344 0.6475963386538746 -0.516262220079921 -0.16123796432419238
2023-06-03 10:43:32.858046 11.8 -0.6935250847771249 0.7204324789908362 -0.7462966756449115 0.03804591356976338
2023-06-03 10:43:32.858046 11.9 -0.618137112237036 0.7860702961410372 -0.9096666718335222 0.23581302095051568
2023-06-03 10:43:32.858046 12.0 -0.5365729180004379 0.8438539587324903 -0.9917788534431139 0.42417900733699054
2023-06-03 10:43:32.858046 12.1 -0.44964746453460464 0.8932061115093209 -0.9852983838412049 0.5956343152752029
2023-06-03 10:43:32.858046 12.2 -0.35822928223683204 0.933633644074636 -0.8908041440768678 0.7433435626961683
2023-06-03 10:43:32.858046 12.3 -0.2632317913658061 0.9647326178866084 -0.7167370231606675 0.8614180480286975
2023-06-03 10:43:32.858046 12.4 -0.16560417544831466 0.9861923022788628 -0.4786459185884274 0.9451505141481676
2023-06-03 10:43:32.858046 12.5 -0.066321897351206 0.9977982791785803 -0.19779879963647617 0.9912028118634721
2023-06-03 10:43:32.858046 12.6 0.033623047221131366 0.999434585501005 0.10071709699248639 0.9977389813911312
2023-06-03 10:43:32.858046 12.7 0.13323204141993694 0.991084871814254 0.3902362353079265 0.9644984462781524
2023-06-03 10:43:32.858046 12.8 0.23150982510153204 0.972832565697437 0.6448967329448511 0.892806401762916
2023-06-03 10:43:32.858046 12.9 0.3274744391376863 0.944860038159863 0.8419505260922935 0.7855209834229155
2023-06-03 10:43:32.858046 13.0 0.4201670368266345 0.9074467814501992 0.9637953862840821 0.6469193223286512
2023-06-03 10:43:32.858046 13.1 0.5086614643723676 0.8609666164623101 0.9995472750438926 0.48252702932511726
2023-06-03 10:43:32.858046 13.2 0.5920735147072173 0.805883957640455 0.946012582626915 0.29889790636448516
2023-06-03 10:43:32.858046 13.3 0.6695697621965957 0.7427491727036755 0.8079734036669977 0.10335266710398854
2023-06-03 10:43:32.858046 13.4 0.7403758899524426 0.6721930835534746 0.5977603669052776 -0.0963129168457429
2023-06-03 10:43:32.858046 13.5 0.8037844265516156 0.5949206633098991 0.3341511768484473 -0.2921388087338192
2023-06-03 10:43:32.858046 13.6 0.8591618148564912 0.5117039924531567 0.04069325734989326 -0.4763180482149996
2023-06-03 10:43:32.858046 13.7 0.9059547423084581 0.4233745444506735 -0.25639966963299055 -0.6415079902223694
2023-06-03 10:43:32.858046 13.8 0.9436956694441013 0.330814877949057 -0.5305891777501796 -0.781123033055101
2023-06-03 10:43:32.858046 13.9 0.9720075013949735 0.23494981853983343 -0.7573827348468075 -0.8895971655361987
2023-06-03 10:43:32.858046 14.0 0.9906073556948688 0.13673721820784415 -0.9165215479156225 -0.9626058663135608
2023-06-03 10:43:32.858046 14.1 0.9993093887479173 0.03715838479083706 -0.9937902207405426 -0.9972385088794722
2023-06-03 10:43:32.858046 14.2 0.9980266527163624 -0.06279172292407112 -0.9822865729036412 -0.9921143990644533
2023-06-03 10:43:32.858046 14.3 0.9867719642746153 -0.162114436499706 -0.8830381910054355 -0.9474378189567656
2023-06-03 10:43:32.858046 14.4 0.9656577765492808 -0.25981735621374386 -0.7049106374142783 -0.8649898828202011
2023-06-03 10:43:32.858046 14.5 0.9348950555246874 -0.3549242667886934 -0.46381551598385884 -0.7480575296890168
2023-06-03 10:43:32.858046 14.6 0.8947911721405097 -0.4464848914122545 -0.18128913586972975 -0.6013024834811747
2023-06-03 10:43:32.858046 14.7 0.8457468311429409 -0.5335843865891072 0.11743126282705339 -0.4305754047766524
2023-06-03 10:43:32.858046 14.8 0.7882520673753249 -0.6153524829547096 0.4056618765553034 -0.24268264344294774
2023-06-03 10:43:32.858046 14.9 0.7228813495119859 -0.6909721807191156 0.6576559230138372 -0.04511489094453974
2023-06-03 10:43:32.858046 15.0 0.6502878401571277 -0.759687912858812 0.850903524534096 0.15425144988755596
2023-06-03 10:43:32.858046 15.1 0.5711968696600003 -0.8208130944926602 0.9681424484121787 0.3474682721812333
2023-06-03 10:43:32.858046 15.2 0.4863986888538121 -0.8737369830110733 0.9989000907450234 0.5268326309625849
2023-06-03 10:43:32.858046 15.3 0.3967405731306267 -0.9179307804142869 0.9404289629470205 0.6851938352639636
2023-06-03 10:43:32.858046 15.4 0.3031183567457175 -0.9529529168871754 0.7979521167226609 0.8162385236075519
2023-06-03 10:43:32.858046 15.5 0.20646748193781223 -0.9784534628188809 0.584196584413326 0.9147423578045184
2023-06-03 10:43:32.858046 15.6 0.10775365229945996 -0.9941776251838135 0.3182565111025286 0.9767783008322541
2023-06-03 10:43:32.858046 15.7 0.007963183785953329 -0.9999682933493397 0.02388753150278858 0.9998731754079823
2023-06-03 10:43:32.858046 15.8 -0.09190685022766396 -0.9957676088732902 -0.27261525014302584 0.9831062617624595
2023-06-03 10:43:32.858046 15.9 -0.19085858137417194 -0.9816175436063878 -0.5447661234102634 0.9271460038316772
2023-06-03 10:43:32.858046 16.0 -0.28790331666504826 -0.9576594803233898 -0.7682546613236304 0.8342233605065299
2023-06-03 10:43:32.858046 16.1 -0.3820714171839894 -0.9241328000731377 -0.923117298396335 0.7080428643420359
2023-06-03 10:43:32.858046 16.2 -0.4724219863984505 -0.8813724903622431 -0.99552061647851 0.5536349335346845
2023-06-03 10:43:32.858046 16.3 -0.5580522712867646 -0.829805798070659 -0.9789970428011399 0.37715532502336657
2023-06-03 10:43:32.858046 16.4 -0.6381066823479338 -0.769947960542083 -0.8750225789894742 0.18563972388582622
2023-06-03 10:43:32.858046 16.5 -0.7117853423691081 -0.7023970575027287 -0.6928849542337417 -0.01327674722301685
2023-06-03 10:43:32.858046 16.6 -0.7783520785342851 -0.6278280352464025 -0.44885398010175537 -0.21166391631728385
2023-06-03 10:43:32.858046 16.7 -0.8371417780197371 -0.5469859627942505 -0.16472821672718826 -0.40161271301209356
2023-06-03 10:43:32.858046 16.8 -0.8875670335814947 -0.46067858741138146 0.13411222764559377 -0.5755504782013083
2023-06-03 10:43:32.858046 16.9 -0.9291240127343605 -0.36976826386319295 0.4209728261427067 -0.7265428620792003
2023-06-03 10:43:32.858046 17.0 -0.961397491879551 -0.2751633380516174 0.6702291758433273 -0.8485702747845826
2023-06-03 10:43:32.858046 17.1 -0.9840650050816396 -0.17780907112313662 0.859615949376717 -0.9367678684526547
2023-06-03 10:43:32.858046 17.2 -0.9969000660415944 -0.0786781947318614 0.972215790304524 -0.9876194833474706
2023-06-03 10:43:32.858046 17.3 -0.9997744310730117 0.02123880817362115 0.9979704901872857 -0.9990978260547283
2023-06-03 10:43:32.858046 17.4 -0.9926593804706357 0.12094359992845298 0.93457945838844 -0.9707452912726926
2023-06-03 10:43:32.858046 17.5 -0.9756260054681622 0.21943996321143852 0.7877052269841573 -0.903692205091525
2023-06-03 10:43:32.858046 17.6 -0.9488444979181319 0.31574375491921974 0.5704676336374365 -0.8006117624590234
2023-06-03 10:43:32.858046 17.7 -0.9125824497911946 0.4088927393988572 0.30227186557380137 -0.6656134553337966
2023-06-03 10:43:32.858046 17.8 -0.8672021794855937 0.49795620278839386 0.00707505200000199 -0.5040792402091279
2023-06-03 10:43:32.858046 17.9 -0.8131571116615008 0.582044252402105 -0.2887537548976754 -0.32244897649134924
2023-06-03 10:43:32.858046 18.0 -0.7509872467716925 0.6603167082440615 -0.5587890488515573 -0.127963689627454
2023-06-03 10:43:32.858046 18.1 -0.6813137655555208 0.7319914978089274 -0.7789093812856881 0.07162310572911373
2023-06-03 10:43:32.858046 18.2 -0.6048328224063039 0.7963524702919081 -0.9294520584773871 0.26835451388004883
2023-06-03 10:43:32.858046 18.3 -0.5223085896267528 0.8527565521308601 -0.9969695514270185 0.45438747440422483
2023-06-03 10:43:32.858046 18.4 -0.4345656220719191 0.9006401723847577 -0.9754307235734498 0.6223054402264919
2023-06-03 10:43:32.858046 18.5 -0.3424806184696393 0.9395248937482462 -0.8667595742608017 0.7654140519453068
2023-06-03 10:43:32.858046 18.6 -0.24697366173664842 0.9690221929390428 -0.6806633736071852 0.8780080208167831
2023-06-03 10:43:32.858046 18.7 -0.1489990258142234 0.9888373426941421 -0.4337655409757544 0.9555985806128248
2023-06-03 10:43:32.858046 18.8 -0.049535640878395806 0.9987723565872089 -0.14812072443171365 0.9950924405655333
2023-06-03 10:43:32.858046 18.9 0.050422687806782836 0.9987279672435031 0.1507552752850778 0.9949151051086794
2023-06-03 10:43:32.858046 19.0 0.14987720966292423 0.9887046181866735 0.4361647552477482 0.9550736440473117
2023-06-03 10:43:32.858046 19.1 0.2478342079829323 0.9688024594072172 0.6826129366323472 0.8771564107069453
2023-06-03 10:43:32.858046 19.2 0.3433149288198687 0.9392203466968806 0.8680853373803757 0.764269719298817
2023-06-03 10:43:32.858046 19.3 0.43536536037286444 0.9002538547473184 0.9760142603164301 0.6209140059748118
2023-06-03 10:43:32.858046 19.4 0.5230657651576722 0.8522923238654793 0.9967587361940726 0.45280441064003785
2023-06-03 10:43:32.858046 19.5 0.6055398697195784 0.7958149698139613 0.9284657227654103 0.26664293235999204
2023-06-03 10:43:32.858046 19.6 0.6819636200681122 0.7313860956455185 0.7772356315262802 0.06985124180719109
2023-06-03 10:43:32.858046 19.7 0.7515734153521272 0.659649453373486 0.5565773961258762 -0.12972519732812224
2023-06-03 10:43:32.858046 19.8 0.8136737375070868 0.5813218118144617 0.2862017595568421 -0.3241299022175031
2023-06-03 10:43:32.858046 19.9 0.8676441006416532 0.49718579487122994 -0.009739427812668193 -0.5056125707565265
2023-06-03 10:43:32.858046 20.0 0.9129452507276146 0.40808206181342116 -0.304810621102122 -0.6669380616522143
2023-06-03 10:43:32.858046 20.1 0.9491245536478834 0.3149009076879679 -0.5726539894111325 -0.8016748366745878
2023-06-03 10:43:32.858046 20.2 0.9758205177669685 0.21857336778529385 -0.78934388235349 -0.9044513657899893
2023-06-03 10:43:32.858046 20.3 0.9927664058359034 0.12006191504245847 -0.9355240371495825 -0.971170273112675
2023-06-03 10:43:32.858046 20.4 0.9997929001426685 0.020350843331714948 -0.9981366159326976 -0.999171686351376
2023-06-03 10:43:32.858046 20.5 0.996829794278802 -0.07956356727850465 -0.9715886235161344 -0.9873392775238378
2023-06-03 10:43:32.858046 20.6 0.9839066946186225 -0.1786830050246996 -0.8582515129958689 -0.9361447674306863
2023-06-03 10:43:32.858046 20.7 0.9611527245021253 -0.27601710124943635 -0.668249350908289 -0.8476291196357169
2023-06-03 10:43:32.858046 20.8 0.9287952340772535 -0.37059332583760846 -0.41855446451852224 -0.7253211736892404
2023-06-03 10:43:32.858046 20.9 0.8871575286923675 -0.46146670441587784 -0.1314713543736525 -0.5740969614310977
2023-06-03 10:43:32.858046 21.0 0.8366556385360755 -0.5477292602242387 0.16735570030270183 -0.39998531498841644
2023-06-03 10:43:32.858046 21.1 0.7777941618011152 -0.6285190863196604 0.4512333686983327 -0.20992751626379863
2023-06-03 10:43:32.858046 21.2 0.7111612229060075 -0.7030289574653608 0.6948037041544625 -0.011500569930335911
2023-06-03 10:43:32.858046 21.3 0.637422596150269 -0.7705143956585438 0.8763092940184459 0.18738486783410221
2023-06-03 10:43:32.858046 21.4 0.557315053517691 -0.8303011087085054 0.9795367845169866 0.3787998622451466
2023-06-03 10:43:32.858046 21.5 0.47163900309422746 -0.8817917275413074 0.9952651713612388 0.5551133015205666
2023-06-03 10:43:32.858046 21.6 0.38125049165497626 -0.9244717749141067 0.9220894845974962 0.7092961252256778
2023-06-03 10:43:32.858046 21.7 0.28705265132776586 -0.9579148059017044 0.7665462903887859 0.8352015507314001
2023-06-03 10:43:32.858046 21.8 0.1899866757954761 -0.9817866687932693 0.542529799027053 0.9278101260403693
2023-06-03 10:43:32.858046 21.9 0.09102241619988326 -0.9958488438257762 0.27005073650827516 0.9834298394982705
2023-06-03 10:43:32.858046 22.0 -0.008851309290364798 -0.9999608263946375 -0.02655115402385315 0.9998433086476926
2023-06-03 10:43:32.858046 22.1 -0.10863659542403738 -0.9940815309292664 -0.32078130904302393 0.976396180269348
2023-06-03 10:43:32.858046 22.2 -0.20733642060672053 -0.9782697014065156 -0.58635702509273 0.9140232173799862
2023-06-03 10:43:32.858046 22.3 -0.30396460881100984 -0.9526833244002804 -0.7995552144094193 0.8152110331807395
2023-06-03 10:43:32.858046 22.4 -0.39755568312139705 -0.9175780505318767 -0.9413315176991867 0.6838989576357587
2023-06-03 10:43:32.858046 22.5 -0.4871745124604723 -0.8733046400935364 -0.9990214800346293 0.5253219888178022
2023-06-03 10:43:32.858046 22.6 -0.5719256551095289 -0.8203054583675133 -0.9674718288955139 0.34580209005507245
2023-06-03 10:43:32.858046 22.7 -0.6509623056662173 -0.7591100556584153 -0.8495008006553034 0.15249615320344473
2023-06-03 10:43:32.858046 22.8 -0.7234947560442155 -0.6903298762016034 -0.6556463959193488 -0.04688932404695794
2023-06-03 10:43:32.858046 22.9 -0.7887982859753903 -0.6146521488145035 -0.4032250513155933 -0.24440547191542702
2023-06-03 10:43:32.858046 23.0 -0.8462204041751479 -0.5328330203334336 -0.11478481378331427 -0.4321779448847014
2023-06-03 10:43:32.858046 23.1 -0.8951873678196628 -0.44569000044437135 0.18390880930621725 -0.6027208470077926
2023-06-03 10:43:32.858046 23.2 -0.9352099151945238 -0.3540937933963988 0.4661744061870589 -0.7492351709562969
2023-06-03 10:43:32.858046 23.3 -0.9658881542360584 -0.25895959821265585 0.7067980317477016 -0.8658798529870797
2023-06-03 10:43:32.858046 23.4 -0.9869155581206419 -0.16123796432423093 0.8842854941544247 -0.9480046377211561
2023-06-03 10:43:32.858046 23.5 -0.9980820279793936 -0.0619052939944631 0.9827823669926692 -0.9923354691509182
2023-06-03 10:43:32.858046 23.6 -0.9992759921366294 0.03804591356972433 0.993490217960236 -0.9971050169212902
2023-06-03 10:43:32.858046 23.7 -0.9904855208971628 0.13761697894183006 0.9154525466208678 -0.9621231342138478
2023-06-03 10:43:32.858046 23.8 -0.9717984457438742 0.2358130209504777 0.7556402257395048 -0.8887844383004191
2023-06-03 10:43:32.858046 23.9 -0.9434014817545696 0.33165289720320923 0.528328813979245 -0.7800127115534351
2023-06-03 10:43:32.858046 24.0 -0.9055783620066434 0.4241790073369551 0.2538233627621737 -0.6401443394692707
2023-06-03 10:43:32.858046 24.1 -0.858707002609955 0.5124668610443281 -0.043355373500716395 -0.4747554326627464
2023-06-03 10:43:32.858046 24.2 -0.8032557266939823 0.5956343152751715 -0.3366613033719813 -0.2904395249333551
2023-06-03 10:43:32.858046 24.3 -0.7397785850779245 0.6728503883183126 -0.5998942816749738 -0.09454470987979192
2023-06-03 10:43:32.858046 24.4 -0.6689098203780586 0.7433435626961421 -0.8095404904318001 0.10511930440358677
2023-06-03 10:43:32.858046 24.5 -0.5913575298651644 0.8064094939122252 -0.9468728581933018 0.3005925437435422
2023-06-03 10:43:32.858046 24.6 -0.5078965903906649 0.8614180480286776 -0.999623893557635 0.4840821069390742
2023-06-03 10:43:32.858046 24.7 -0.41936091607327325 0.9078195977561759 -0.963081503641539 0.6482728441403701
2023-06-03 10:43:32.858046 24.8 -0.32663512610476925 0.9451505141481549 -0.8405099113038014 0.786618988789043
2023-06-03 10:43:32.858046 24.9 -0.23064570592744407 0.9730377990279879 -0.6428580718389587 0.893605116674462
2023-06-03 10:43:32.858046 25.0 -0.13235175009782232 0.991202811863467 -0.38778163540956145 0.9649660284920871
2023-06-03 10:43:32.858046 25.1 -0.03273537933089503 0.9994640538508939 -0.09806582040016523 0.9978567898801248
2023-06-03 10:43:32.858046 25.2 0.0672080725254253 0.9977389813911338 0.20040992228092908 0.9909661499748343
2023-06-03 10:43:32.858046 25.3 0.16648000353710668 0.986044830837972 0.48098364347574984 0.9445688168445698
2023-06-03 10:43:32.858046 25.4 0.26408852138442146 0.9644984462781627 0.7185925282890256 0.86051450574598
2023-06-03 10:43:32.858046 25.5 0.3590583540221219 0.9333151120639398 0.8920116826993062 0.7421541968138492
2023-06-03 10:43:32.858046 25.6 0.4504405942753417 0.8928064017629337 0.9857500901289222 0.5942065420577539
2023-06-03 10:43:32.858046 25.7 0.5373221810064269 0.8433770650180716 0.9914343778187303 0.42256974759699323
2023-06-03 10:43:32.858046 25.8 0.6188350221199974 0.7855209834229397 0.9085567852786304 0.23408643079548466
2023-06-03 10:43:32.858046 25.9 0.6941646682522061 0.7198162358201603 0.7445205210199294 0.03627082670060909
2023-06-03 10:43:32.858046 26.0 0.7625584504795683 0.646919322328681 0.5139784559876693 -0.16299078079560034
2023-06-03 10:43:32.858046 26.1 0.8233330007380493 0.5675586048115907 0.23752422623899117 -0.3557544602086413
2023-06-03 10:43:32.858046 26.2 0.8758810798108636 0.48252702932515146 -0.06014733523280098 -0.5343353319412888
2023-06-03 10:43:32.858046 26.3 0.9196776446619989 0.3926742032639248 -0.35244611438212115 -0.6916139401820838
2023-06-03 10:43:32.858046 26.4 0.9542850944926811 0.29889790636452246 -0.6132619318067544 -0.8213200831418104
2023-06-03 10:43:32.858046 26.5 0.9793576431039056 0.20213512038723766 -0.819296887311183 -0.9182827862120739
2023-06-03 10:43:32.858046 26.6 0.9946447738778322 0.10335266710402741 -0.952146491944057 -0.9786364524049682
2023-06-03 10:43:32.858046 26.7 0.9999937428570205 0.0035375481349632356 -0.9999436861830054 -0.9999749715063856
2023-06-03 10:43:32.858046 26.8 0.9953511049115646 -0.096312916845704 -0.9584188890187232 -0.981447644097345
2023-06-03 10:43:32.858046 26.9 0.9807632477451639 -0.19520105499806653 -0.8312813869106256 -0.9237930962552836
2023-06-03 10:43:32.858046 27.0 0.9563759284045196 -0.29213880873378184 -0.6298879942745863 -0.8293098328632137
2023-06-03 10:43:32.858046 27.1 0.9224328169231077 -0.38615760806088023 -0.37222858307467643 -0.7017646034733992
2023-06-03 10:43:32.858046 27.2 0.8792730616507514 -0.47631804821496526 -0.08131910113896017 -0.5462422338893721
2023-06-03 10:43:32.858046 27.3 0.8273279005954126 -0.5617192758810998 0.2168543739128009 -0.3689429102072257
2023-06-03 10:43:32.858046 27.4 0.7671163526355665 -0.6415079902223394 0.4956568935897338 -0.17693499696178988
2023-06-03 10:43:32.858046 27.5 0.6992400316551384 -0.7148869687796253 0.7301838591530504 0.022126756261842077
2023-06-03 10:43:32.858046 27.6 0.6243771354164386 -0.7811230330550766 0.8994856752491774 0.22030638553832457
2023-06-03 10:43:32.858046 27.7 0.5432756692322985 -0.8395543741891874 0.9884391148695995 0.40970309444039626
2023-06-03 10:43:32.858046 27.8 0.45674597214424656 -0.8895971655361808 0.9890982321787137 0.5827662338600142
2023-06-03 10:43:32.858046 27.9 0.36565262028267426 -0.930751396066863 0.901404150190314 0.7325963225608288
2023-06-03 10:43:32.858046 28.0 0.27090578830792716 -0.9626058663135503 0.7331903200734178 0.8532201077225211
2023-06-03 10:43:32.858046 28.1 0.1734521552459551 -0.9848422969392273 0.49948278228932386 0.9398286996810662
2023-06-03 10:43:32.858046 28.2 0.07426544558442154 -0.9972385088794693 0.2211579351485134 0.9889692871842947
2023-06-03 10:43:32.858046 28.3 -0.025663299860499113 -0.9996706432822112 -0.0769222916752127 0.9986827900805402
2023-06-03 10:43:32.858046 28.4 -0.1253356260963692 -0.9921143990644583 -0.3681312792775006 0.9685819616620622
2023-06-03 10:43:32.858046 28.5 -0.2237556401867341 -0.974645275720672 -0.6264561960893476 0.8998668269692496
2023-06-03 10:43:32.858046 28.6 -0.31993996188413754 -0.9474378189567781 -0.8288216466484807 0.7952768415791532
2023-06-03 10:43:32.858046 28.7 -0.41292754924048514 -0.9107638766871723 -0.9571509279515731 0.6589816781564934
2023-06-03 10:43:32.858046 28.8 -0.5017893010205188 -0.8649898828202207 -0.9999807674966565 0.4964149947626783
2023-06-03 10:43:32.858046 28.9 -0.5856373399742457 -0.8105731959717701 -0.9534853032752023 0.3140578120557794
2023-06-03 10:43:32.858046 29.0 -0.6636338842129197 -0.7480575296890428 -0.8218178366309359 0.11918013544894628
2023-06-03 10:43:32.858046 29.1 -0.7349996180487343 -0.6780675198446056 -0.6167398302203863 -0.08044887706357069
2023-06-03 10:43:32.858046 29.2 -0.7990214786595753 -0.6013024834812059 -0.3565702915824055 -0.2768706467186683
2023-06-03 10:43:32.858046 29.3 -0.8550597807770353 -0.5185294314670368 -0.06454939075327212 -0.4622544574049431
2023-06-03 10:43:32.858046 29.4 -0.9025546082101579 -0.43057540477668765 0.23323751490754968 -0.6292096416027831
2023-06-03 10:43:32.858046 29.5 -0.941031408342932 -0.3383192109711154 0.5101900080015919 -0.7710802229757638
2023-06-03 10:43:32.858046 29.6 -0.970105733707169 -0.24268264344298565 0.7415687471548625 -0.8822102691430493
2023-06-03 10:43:32.858046 29.7 -0.9894870832545254 -0.14462127116179008 0.9067053587028105 -0.958169375855096
2023-06-03 10:43:32.858046 29.8 -0.9989818049469463 -0.04511489094457878 0.9908486809541734 -0.9959292932301175
2023-06-03 10:43:32.858046 29.9 -0.9984950306638182 0.05484226234995056 0.9864824415321807 -0.9939846525206784
2023-06-03 10:43:32.858046 30.0 -0.9880316240928722 0.15425144988751735 0.893996663600647 -0.9524129804151974
2023-06-03 10:43:32.858046 30.1 -0.9676961321338231 0.25211940792655835 0.7216528262563259 -0.8728716082935233
2023-06-03 10:43:32.858046 30.2 -0.9376917403003046 0.34746827218119664 0.484845891205914 -0.7585315996548276
2023-06-03 10:43:32.858046 30.3 -0.8983182425573843 0.4393453483179404 0.2047291166869377 -0.6139513298227752
2023-06-03 10:43:32.858046 30.4 -0.8499690458793636 0.5268326309625517 -0.09367550009091591 -0.4448947579061515
2023-06-03 10:43:32.858046 30.5 -0.7931272394573284 0.6090559761062998 -0.3837123634348337 -0.25810163593840474
2023-06-03 10:43:32.858046 30.6 -0.728360767831642 0.6851938352639352 -0.63947334414493 -0.06101881623259852
2023-06-03 10:43:32.858046 30.7 -0.6563167561778414 0.7544854641145818 -0.8381120755348308 0.13849663112039196
2023-06-03 10:43:32.858046 30.8 -0.5777150444457898 0.8162385236075294 -0.9618847513255003 0.33249065484199836
2023-06-03 10:43:32.858046 30.9 -0.4933409949568401 0.8698359975851742 -0.999735127014691 0.5132293253899901
